# LAYER   depth    Vp_top    Vp_grad  Vs_top    Vs_grad   p_top  p_grad
LAYER     0.0   5.8000  0.0  3.3600  0.0  2.7  0.0
LAYER     1.0   5.8000  0.0  3.3600  0.0  2.7  0.0
LAYER     2.0   5.8000  0.0  3.3600  0.0  2.7  0.0
LAYER     3.0   5.8000  0.0  3.3600  0.0  2.7  0.0
LAYER     4.0   5.8000  0.0  3.3600  0.0  2.7  0.0
LAYER     5.0   5.8000  0.0  3.3600  0.0  2.7  0.0
LAYER     6.0   5.8000  0.0  3.3600  0.0  2.7  0.0
LAYER     7.0   5.8000  0.0  3.3600  0.0  2.7  0.0
LAYER     8.0   5.8000  0.0  3.3600  0.0  2.7  0.0
LAYER     9.0   5.8000  0.0  3.3600  0.0  2.7  0.0
LAYER    10.0   5.8000  0.0  3.3600  0.0  2.7  0.0
LAYER    11.0   5.8000  0.0  3.3600  0.0  2.7  0.0
LAYER    12.0   5.8000  0.0  3.3600  0.0  2.7  0.0
LAYER    13.0   5.8000  0.0  3.3600  0.0  2.7  0.0
LAYER    14.0   5.8000  0.0  3.3600  0.0  2.7  0.0
LAYER    15.0   5.8000  0.0  3.3600  0.0  2.7  0.0
LAYER    16.0   5.8000  0.0  3.3600  0.0  2.7  0.0
LAYER    17.0   5.8000  0.0  3.3600  0.0  2.7  0.0
LAYER    18.0   5.8000  0.0  3.3600  0.0  2.7  0.0
LAYER    19.0   5.8000  0.0  3.3600  0.0  2.7  0.0
LAYER    20.0   5.8000  0.0  3.3600  0.0  2.7  0.0
LAYER    20.0   6.5000  0.0  3.7500  0.0  2.7  0.0
LAYER    21.0   6.5000  0.0  3.7500  0.0  2.7  0.0
LAYER    22.0   6.5000  0.0  3.7500  0.0  2.7  0.0
LAYER    23.0   6.5000  0.0  3.7500  0.0  2.7  0.0
LAYER    24.0   6.5000  0.0  3.7500  0.0  2.7  0.0
LAYER    25.0   6.5000  0.0  3.7500  0.0  2.7  0.0
LAYER    26.0   6.5000  0.0  3.7500  0.0  2.7  0.0
LAYER    27.0   6.5000  0.0  3.7500  0.0  2.7  0.0
LAYER    28.0   6.5000  0.0  3.7500  0.0  2.7  0.0
LAYER    29.0   6.5000  0.0  3.7500  0.0  2.7  0.0
LAYER    30.0   6.5000  0.0  3.7500  0.0  2.7  0.0
LAYER    31.0   6.5000  0.0  3.7500  0.0  2.7  0.0
LAYER    32.0   6.5000  0.0  3.7500  0.0  2.7  0.0
LAYER    33.0   6.5000  0.0  3.7500  0.0  2.7  0.0
LAYER    34.0   6.5000  0.0  3.7500  0.0  2.7  0.0
LAYER    35.0   6.5000  0.0  3.7500  0.0  2.7  0.0
LAYER    35.0   8.0400  0.0  4.4700  0.0  2.7  0.0
LAYER    40.0   8.0406  0.0  4.4718  0.0  2.7  0.0
LAYER    45.0   8.0412  0.0  4.4735  0.0  2.7  0.0
LAYER    50.0   8.0418  0.0  4.4753  0.0  2.7  0.0
LAYER    60.0   8.0429  0.0  4.4788  0.0  2.7  0.0
LAYER    70.0   8.0441  0.0  4.4824  0.0  2.7  0.0
LAYER    80.0   8.0453  0.0  4.4859  0.0  2.7  0.0
LAYER    90.0   8.0465  0.0  4.4894  0.0  2.7  0.0
LAYER   100.0   8.0476  0.0  4.4929  0.0  2.7  0.0
LAYER   110.0   8.0488  0.0  4.4965  0.0  2.7  0.0
LAYER   120.0   8.0500  0.0  4.5000  0.0  2.7  0.0
LAYER   120.0   8.0500  0.0  4.5000  0.0  2.7  0.0
LAYER   130.0   8.0778  0.0  4.5020  0.0  2.7  0.0
LAYER   140.0   8.1056  0.0  4.5040  0.0  2.7  0.0
LAYER   150.0   8.1333  0.0  4.5060  0.0  2.7  0.0
LAYER   160.0   8.1611  0.0  4.5080  0.0  2.7  0.0
LAYER   170.0   8.1889  0.0  4.5100  0.0  2.7  0.0
LAYER   180.0   8.2167  0.0  4.5120  0.0  2.7  0.0
LAYER   190.0   8.2444  0.0  4.5140  0.0  2.7  0.0
LAYER   200.0   8.2722  0.0  4.5160  0.0  2.7  0.0
LAYER   210.0   8.3000  0.0  4.5180  0.0  2.7  0.0
LAYER   210.0   8.3000  0.0  4.5220  0.0  2.7  0.0
LAYER   220.0   8.3365  0.0  4.5394  0.0  2.7  0.0
LAYER   230.0   8.3730  0.0  4.5568  0.0  2.7  0.0
LAYER   240.0   8.4095  0.0  4.5742  0.0  2.7  0.0
LAYER   250.0   8.4460  0.0  4.5916  0.0  2.7  0.0
LAYER   260.0   8.4825  0.0  4.6090  0.0  2.7  0.0
LAYER   270.0   8.5190  0.0  4.6264  0.0  2.7  0.0
LAYER   280.0   8.5555  0.0  4.6438  0.0  2.7  0.0
LAYER   290.0   8.5920  0.0  4.6612  0.0  2.7  0.0
LAYER   300.0   8.6285  0.0  4.6786  0.0  2.7  0.0
LAYER   310.0   8.6650  0.0  4.6960  0.0  2.7  0.0
LAYER   320.0   8.7015  0.0  4.7134  0.0  2.7  0.0
LAYER   330.0   8.7380  0.0  4.7308  0.0  2.7  0.0
LAYER   340.0   8.7745  0.0  4.7482  0.0  2.7  0.0
LAYER   350.0   8.8110  0.0  4.7656  0.0  2.7  0.0
LAYER   360.0   8.8475  0.0  4.7830  0.0  2.7  0.0
LAYER   370.0   8.8840  0.0  4.8004  0.0  2.7  0.0
LAYER   380.0   8.9205  0.0  4.8178  0.0  2.7  0.0
LAYER   390.0   8.9570  0.0  4.8352  0.0  2.7  0.0
LAYER   400.0   8.9935  0.0  4.8526  0.0  2.7  0.0
LAYER   410.0   9.0300  0.0  4.8700  0.0  2.7  0.0
LAYER   410.0   9.3600  0.0  5.0700  0.0  2.7  0.0
LAYER   420.0   9.3936  0.0  5.0912  0.0  2.7  0.0
LAYER   430.0   9.4272  0.0  5.1124  0.0  2.7  0.0
LAYER   440.0   9.4608  0.0  5.1336  0.0  2.7  0.0
LAYER   450.0   9.4944  0.0  5.1548  0.0  2.7  0.0
LAYER   460.0   9.5280  0.0  5.1760  0.0  2.7  0.0
LAYER   470.0   9.5616  0.0  5.1972  0.0  2.7  0.0
LAYER   480.0   9.5952  0.0  5.2184  0.0  2.7  0.0
LAYER   490.0   9.6288  0.0  5.2396  0.0  2.7  0.0
LAYER   500.0   9.6624  0.0  5.2608  0.0  2.7  0.0
LAYER   510.0   9.6960  0.0  5.2820  0.0  2.7  0.0
LAYER   520.0   9.7296  0.0  5.3032  0.0  2.7  0.0
LAYER   530.0   9.7632  0.0  5.3244  0.0  2.7  0.0
LAYER   540.0   9.7968  0.0  5.3456  0.0  2.7  0.0
LAYER   550.0   9.8304  0.0  5.3668  0.0  2.7  0.0
LAYER   560.0   9.8640  0.0  5.3880  0.0  2.7  0.0
LAYER   570.0   9.8976  0.0  5.4092  0.0  2.7  0.0
LAYER   580.0   9.9312  0.0  5.4304  0.0  2.7  0.0
LAYER   590.0   9.9648  0.0  5.4516  0.0  2.7  0.0
LAYER   600.0   9.9984  0.0  5.4728  0.0  2.7  0.0
LAYER   610.0  10.0320  0.0  5.4940  0.0  2.7  0.0
LAYER   620.0  10.0656  0.0  5.5152  0.0  2.7  0.0
LAYER   630.0  10.0992  0.0  5.5364  0.0  2.7  0.0
LAYER   640.0  10.1328  0.0  5.5576  0.0  2.7  0.0
LAYER   650.0  10.1664  0.0  5.5788  0.0  2.7  0.0
LAYER   660.0  10.2000  0.0  5.6000  0.0  2.7  0.0
LAYER   660.0  10.7900  0.0  5.9500  0.0  2.7  0.0
LAYER   670.0  10.8166  0.0  5.9759  0.0  2.7  0.0
LAYER   680.0  10.8432  0.0  6.0019  0.0  2.7  0.0
LAYER   690.0  10.8697  0.0  6.0278  0.0  2.7  0.0
LAYER   700.0  10.8963  0.0  6.0538  0.0  2.7  0.0
LAYER   710.0  10.9229  0.0  6.0797  0.0  2.7  0.0
LAYER   720.0  10.9495  0.0  6.1057  0.0  2.7  0.0
LAYER   730.0  10.9761  0.0  6.1316  0.0  2.7  0.0
LAYER   740.0  11.0026  0.0  6.1576  0.0  2.7  0.0
LAYER   750.0  11.0292  0.0  6.1835  0.0  2.7  0.0
LAYER   760.0  11.0558  0.0  6.2095  0.0  2.7  0.0
LAYER   760.0  11.0558  0.0  6.2095  0.0  2.7  0.0
LAYER   770.0  11.0738  0.0  6.2172  0.0  2.7  0.0
LAYER   780.0  11.0917  0.0  6.2249  0.0  2.7  0.0
LAYER   790.0  11.1095  0.0  6.2326  0.0  2.7  0.0
LAYER   800.0  11.1272  0.0  6.2402  0.0  2.7  0.0
LAYER   900.0  11.2997  0.0  6.3138  0.0  2.7  0.0
LAYER  1000.0  11.4640  0.0  6.3833  0.0  2.7  0.0
LAYER  1100.0  11.6208  0.0  6.4489  0.0  2.7  0.0
LAYER  1200.0  11.7707  0.0  6.5110  0.0  2.7  0.0
LAYER  1300.0  11.9142  0.0  6.5700  0.0  2.7  0.0
LAYER  1400.0  12.0521  0.0  6.6260  0.0  2.7  0.0
LAYER  1500.0  12.1849  0.0  6.6796  0.0  2.7  0.0
LAYER  2000.0  12.7944  0.0  6.9210  0.0  2.7  0.0
LAYER  2500.0  13.3697  0.0  7.1484  0.0  2.7  0.0
LAYER  2700.0  13.6076  0.0  7.2445  0.0  2.7  0.0
LAYER  2740.0  13.6564  0.0  7.2645  0.0  2.7  0.0
LAYER  2740.0  13.6564  0.0  7.2645  0.0  2.7  0.0
LAYER  2750.0  13.6587  0.0  7.2670  0.0  2.7  0.0
LAYER  2800.0  13.6703  0.0  7.2794  0.0  2.7  0.0
LAYER  2850.0  13.6818  0.0  7.2918  0.0  2.7  0.0
LAYER  2889.0  13.6908  0.0  7.3015  0.0  2.7  0.0
LAYER  2889.0   8.0088  0.0  0.0000  0.0  2.7  0.0
LAYER  2900.0   8.0280  0.0  0.0000  0.0  2.7  0.0
LAYER  3000.0   8.1995  0.0  0.0000  0.0  2.7  0.0
LAYER  3100.0   8.3642  0.0  0.0000  0.0  2.7  0.0
LAYER  3200.0   8.5222  0.0  0.0000  0.0  2.7  0.0
LAYER  3300.0   8.6735  0.0  0.0000  0.0  2.7  0.0
LAYER  3400.0   8.8180  0.0  0.0000  0.0  2.7  0.0
LAYER  3500.0   8.9558  0.0  0.0000  0.0  2.7  0.0
LAYER  4000.0   9.5437  0.0  0.0000  0.0  2.7  0.0
LAYER  4500.0   9.9633  0.0  0.0000  0.0  2.7  0.0
LAYER  5153.9  10.2578  0.0  0.0000  0.0  2.7  0.0
LAYER  5153.9  11.0914  0.0  3.4385  0.0  2.7  0.0
LAYER  5500.0  11.1644  0.0  3.5000  0.0  2.7  0.0
LAYER  6000.0  11.2270  0.0  3.5528  0.0  2.7  0.0
LAYER  6371.0  11.2409  0.0  3.5645  0.0  2.7  0.0
